100 2499 50.0 35 64
0 2
0 3
0 4
0 6
0 8
0 10
0 11
0 12
0 13
0 14
0 15
0 16
0 19
0 21
0 22
0 24
0 25
0 29
0 31
0 32
0 35
0 37
0 38
0 39
0 42
0 44
0 46
0 47
0 48
0 49
0 50
0 51
0 53
0 55
0 57
0 59
0 60
0 62
0 63
0 64
0 65
0 68
0 71
0 74
0 75
0 77
0 78
0 82
0 87
0 89
0 90
0 91
0 93
0 94
0 96
1 2
1 3
1 4
1 5
1 6
1 7
1 8
1 10
1 11
1 14
1 17
1 19
1 20
1 23
1 26
1 28
1 29
1 30
1 32
1 33
1 37
1 38
1 39
1 40
1 41
1 45
1 50
1 52
1 54
1 55
1 56
1 57
1 58
1 59
1 61
1 62
1 64
1 66
1 68
1 69
1 70
1 71
1 74
1 76
1 78
1 80
1 84
1 85
1 89
1 90
1 91
1 92
1 95
1 98
2 3
2 4
2 7
2 10
2 11
2 16
2 17
2 18
2 20
2 22
2 26
2 27
2 28
2 29
2 30
2 31
2 34
2 35
2 36
2 38
2 39
2 43
2 47
2 48
2 49
2 50
2 53
2 54
2 56
2 57
2 58
2 59
2 60
2 61
2 62
2 64
2 67
2 70
2 72
2 74
2 75
2 77
2 78
2 79
2 82
2 84
2 85
2 87
2 88
2 89
2 90
2 96
2 98
3 6
3 15
3 16
3 17
3 18
3 19
3 20
3 21
3 23
3 25
3 26
3 28
3 31
3 32
3 34
3 35
3 36
3 37
3 39
3 45
3 48
3 49
3 50
3 51
3 52
3 53
3 54
3 57
3 60
3 62
3 64
3 66
3 68
3 69
3 70
3 71
3 73
3 74
3 75
3 76
3 77
3 78
3 79
3 80
3 83
3 87
3 88
3 90
3 92
3 93
3 94
3 97
3 98
3 99
4 7
4 8
4 9
4 11
4 13
4 14
4 16
4 18
4 21
4 22
4 23
4 28
4 29
4 30
4 31
4 33
4 38
4 39
4 41
4 43
4 45
4 46
4 47
4 49
4 50
4 51
4 54
4 57
4 58
4 59
4 62
4 66
4 69
4 70
4 71
4 74
4 75
4 76
4 81
4 82
4 83
4 89
4 90
4 91
4 92
4 93
4 96
4 98
4 99
5 7
5 8
5 9
5 11
5 16
5 17
5 18
5 20
5 21
5 22
5 24
5 28
5 29
5 30
5 32
5 33
5 36
5 40
5 42
5 45
5 48
5 50
5 53
5 54
5 57
5 59
5 61
5 62
5 63
5 64
5 66
5 71
5 72
5 76
5 77
5 82
5 83
5 84
5 85
5 88
5 91
5 92
6 8
6 10
6 11
6 14
6 15
6 17
6 19
6 20
6 21
6 23
6 24
6 25
6 29
6 30
6 33
6 36
6 40
6 42
6 44
6 46
6 50
6 53
6 55
6 57
6 58
6 59
6 60
6 62
6 63
6 68
6 69
6 70
6 72
6 77
6 80
6 81
6 84
6 85
6 87
6 89
6 93
6 94
6 97
6 98
6 99
7 13
7 16
7 18
7 19
7 24
7 28
7 29
7 30
7 31
7 32
7 34
7 35
7 36
7 37
7 38
7 39
7 42
7 44
7 46
7 47
7 50
7 51
7 52
7 53
7 55
7 56
7 57
7 58
7 62
7 70
7 72
7 73
7 76
7 77
7 78
7 79
7 80
7 81
7 84
7 85
7 86
7 87
7 91
7 92
7 96
7 98
7 99
8 10
8 15
8 19
8 20
8 21
8 24
8 25
8 26
8 27
8 31
8 32
8 33
8 35
8 38
8 39
8 43
8 45
8 46
8 47
8 48
8 49
8 55
8 57
8 58
8 59
8 60
8 62
8 66
8 68
8 70
8 75
8 76
8 77
8 79
8 81
8 82
8 85
8 86
8 87
8 89
8 91
8 94
8 95
8 97
8 98
9 12
9 14
9 15
9 18
9 19
9 20
9 25
9 26
9 28
9 30
9 31
9 32
9 33
9 36
9 37
9 38
9 40
9 43
9 46
9 49
9 50
9 53
9 58
9 59
9 64
9 66
9 68
9 69
9 70
9 74
9 75
9 76
9 77
9 78
9 79
9 80
9 82
9 85
9 88
9 90
9 91
9 92
9 93
9 94
9 98
9 99
10 11
10 12
10 13
10 15
10 16
10 17
10 18
10 20
10 21
10 22
10 34
10 35
10 36
10 46
10 47
10 49
10 52
10 53
10 54
10 55
10 56
10 58
10 60
10 61
10 66
10 74
10 75
10 76
10 78
10 79
10 83
10 84
10 86
10 87
10 89
10 92
10 94
10 95
10 97
10 98
10 99
11 13
11 15
11 16
11 18
11 19
11 20
11 21
11 24
11 27
11 30
11 31
11 33
11 35
11 39
11 41
11 46
11 48
11 49
11 50
11 52
11 53
11 54
11 55
11 56
11 59
11 60
11 61
11 62
11 64
11 65
11 66
11 71
11 74
11 76
11 79
11 86
11 87
11 88
11 89
11 91
11 92
11 94
11 95
11 97
11 98
12 15
12 16
12 19
12 20
12 21
12 24
12 25
12 28
12 30
12 31
12 32
12 33
12 34
12 35
12 36
12 37
12 38
12 40
12 41
12 42
12 44
12 46
12 51
12 52
12 53
12 55
12 56
12 57
12 59
12 73
12 74
12 77
12 78
12 79
12 83
12 84
12 87
12 90
12 91
12 92
12 94
12 96
12 97
13 15
13 17
13 18
13 23
13 25
13 27
13 28
13 29
13 30
13 31
13 32
13 37
13 38
13 39
13 40
13 41
13 42
13 43
13 44
13 45
13 46
13 48
13 49
13 50
13 51
13 53
13 54
13 59
13 60
13 62
13 63
13 65
13 66
13 67
13 69
13 72
13 74
13 76
13 77
13 78
13 80
13 81
13 83
13 86
13 88
13 90
13 99
14 16
14 17
14 18
14 19
14 20
14 21
14 25
14 28
14 29
14 35
14 36
14 39
14 40
14 41
14 42
14 43
14 44
14 45
14 46
14 48
14 49
14 51
14 53
14 54
14 57
14 58
14 59
14 60
14 62
14 64
14 66
14 67
14 68
14 69
14 70
14 71
14 72
14 74
14 77
14 78
14 79
14 82
14 83
14 84
14 88
14 89
14 98
15 16
15 17
15 19
15 21
15 22
15 27
15 28
15 30
15 31
15 34
15 37
15 38
15 39
15 40
15 41
15 42
15 44
15 45
15 46
15 49
15 50
15 51
15 53
15 54
15 56
15 57
15 60
15 62
15 74
15 76
15 79
15 80
15 81
15 83
15 87
15 89
15 91
15 92
15 93
15 94
15 95
15 96
15 97
15 98
15 99
16 21
16 22
16 23
16 25
16 27
16 30
16 32
16 33
16 36
16 39
16 40
16 41
16 43
16 45
16 49
16 50
16 52
16 55
16 63
16 68
16 69
16 71
16 72
16 77
16 78
16 80
16 81
16 82
16 84
16 87
16 88
16 92
16 94
16 98
17 18
17 21
17 24
17 25
17 26
17 28
17 29
17 30
17 32
17 34
17 35
17 42
17 43
17 45
17 46
17 48
17 51
17 55
17 57
17 65
17 67
17 68
17 69
17 71
17 73
17 76
17 77
17 80
17 83
17 84
17 85
17 87
17 88
17 90
17 93
17 94
17 96
17 98
17 99
18 19
18 21
18 22
18 24
18 25
18 26
18 29
18 31
18 32
18 35
18 37
18 41
18 42
18 44
18 47
18 48
18 51
18 54
18 55
18 59
18 60
18 65
18 67
18 69
18 70
18 71
18 77
18 79
18 82
18 83
18 86
18 91
18 94
18 95
18 96
18 98
18 99
19 22
19 25
19 27
19 28
19 30
19 32
19 34
19 36
19 38
19 39
19 40
19 41
19 43
19 46
19 49
19 51
19 52
19 57
19 62
19 64
19 66
19 67
19 70
19 73
19 74
19 76
19 77
19 78
19 81
19 82
19 85
19 88
19 89
19 90
19 91
19 94
19 95
19 97
19 98
19 99
20 25
20 26
20 27
20 29
20 31
20 32
20 33
20 34
20 36
20 37
20 40
20 46
20 47
20 56
20 58
20 61
20 63
20 64
20 65
20 66
20 67
20 68
20 69
20 72
20 73
20 74
20 75
20 76
20 77
20 79
20 83
20 84
20 86
20 95
20 97
20 98
20 99
21 26
21 27
21 28
21 32
21 34
21 35
21 38
21 39
21 43
21 47
21 48
21 53
21 54
21 56
21 59
21 61
21 63
21 64
21 65
21 66
21 67
21 69
21 71
21 73
21 77
21 78
21 79
21 84
21 85
21 86
21 90
21 91
21 92
21 93
21 95
21 96
21 98
21 99
22 23
22 24
22 30
22 32
22 36
22 37
22 39
22 40
22 41
22 42
22 44
22 46
22 47
22 50
22 51
22 54
22 56
22 58
22 60
22 62
22 64
22 67
22 69
22 71
22 75
22 77
22 79
22 80
22 81
22 83
22 84
22 85
22 87
22 90
22 97
22 98
22 99
23 24
23 28
23 29
23 31
23 33
23 34
23 35
23 37
23 38
23 39
23 41
23 44
23 46
23 47
23 50
23 56
23 59
23 60
23 61
23 62
23 63
23 64
23 67
23 68
23 71
23 73
23 80
23 82
23 85
23 86
23 87
23 89
23 90
23 93
23 94
23 96
23 97
23 98
24 25
24 30
24 32
24 36
24 38
24 47
24 49
24 50
24 51
24 52
24 55
24 56
24 57
24 58
24 59
24 60
24 64
24 66
24 67
24 69
24 70
24 71
24 72
24 73
24 74
24 76
24 81
24 82
24 85
24 86
24 88
24 91
24 93
24 95
24 98
24 99
25 28
25 29
25 30
25 32
25 35
25 38
25 39
25 40
25 41
25 42
25 45
25 47
25 52
25 53
25 54
25 55
25 57
25 58
25 60
25 61
25 62
25 65
25 66
25 67
25 70
25 71
25 73
25 74
25 81
25 83
25 86
25 88
25 89
25 93
25 96
25 97
25 99
26 30
26 33
26 36
26 39
26 41
26 43
26 45
26 46
26 49
26 50
26 51
26 52
26 53
26 55
26 56
26 57
26 64
26 66
26 69
26 74
26 76
26 78
26 81
26 82
26 83
26 84
26 88
26 89
26 91
26 94
26 97
26 99
27 28
27 30
27 31
27 33
27 35
27 37
27 38
27 40
27 41
27 42
27 43
27 45
27 48
27 52
27 54
27 56
27 58
27 59
27 60
27 61
27 63
27 67
27 69
27 72
27 73
27 75
27 76
27 79
27 81
27 83
27 84
27 85
27 86
27 88
27 89
27 90
27 91
27 92
27 93
27 95
27 97
27 98
27 99
28 30
28 39
28 45
28 46
28 47
28 48
28 56
28 59
28 60
28 61
28 62
28 63
28 65
28 66
28 67
28 68
28 69
28 70
28 71
28 72
28 74
28 75
28 78
28 79
28 80
28 81
28 82
28 83
28 84
28 85
28 89
28 90
28 93
28 94
28 95
28 98
28 99
29 30
29 31
29 44
29 45
29 46
29 47
29 51
29 54
29 55
29 56
29 61
29 64
29 65
29 67
29 71
29 72
29 75
29 78
29 81
29 83
29 88
29 89
29 90
29 91
29 94
29 95
29 98
29 99
30 31
30 32
30 33
30 34
30 35
30 37
30 39
30 40
30 41
30 42
30 45
30 46
30 51
30 52
30 53
30 54
30 58
30 62
30 64
30 67
30 68
30 70
30 71
30 72
30 73
30 75
30 76
30 80
30 82
30 83
30 85
30 88
30 89
30 93
30 94
30 95
30 97
31 32
31 36
31 37
31 38
31 39
31 42
31 43
31 45
31 47
31 48
31 49
31 50
31 52
31 55
31 57
31 58
31 61
31 67
31 68
31 75
31 76
31 80
31 81
31 83
31 85
31 86
31 88
31 90
31 91
31 94
31 96
31 97
32 33
32 34
32 37
32 38
32 40
32 41
32 42
32 43
32 44
32 46
32 50
32 51
32 52
32 54
32 55
32 62
32 63
32 64
32 66
32 70
32 78
32 79
32 81
32 86
32 88
32 89
32 90
32 92
32 93
32 95
32 98
33 35
33 36
33 37
33 40
33 41
33 46
33 47
33 49
33 51
33 54
33 55
33 56
33 58
33 60
33 61
33 62
33 63
33 66
33 67
33 68
33 69
33 70
33 73
33 75
33 76
33 79
33 80
33 81
33 82
33 83
33 85
33 88
33 89
33 91
33 92
33 93
33 95
33 97
34 37
34 39
34 43
34 50
34 55
34 57
34 58
34 59
34 65
34 67
34 70
34 76
34 77
34 78
34 80
34 81
34 82
34 83
34 85
34 86
34 92
34 97
35 39
35 49
35 50
35 51
35 53
35 59
35 60
35 62
35 63
35 64
35 66
35 70
35 72
35 74
35 77
35 78
35 80
35 85
35 87
35 89
35 91
35 93
35 98
35 99
36 37
36 38
36 39
36 40
36 41
36 42
36 43
36 44
36 45
36 46
36 47
36 52
36 55
36 58
36 59
36 60
36 62
36 66
36 68
36 69
36 70
36 72
36 74
36 78
36 79
36 80
36 81
36 83
36 84
36 85
36 86
36 87
36 88
36 89
36 94
36 97
36 98
36 99
37 39
37 42
37 43
37 44
37 47
37 48
37 49
37 50
37 51
37 52
37 53
37 55
37 56
37 57
37 58
37 59
37 61
37 62
37 64
37 65
37 66
37 69
37 70
37 71
37 75
37 79
37 80
37 82
37 83
37 84
37 85
37 88
37 90
37 91
37 93
37 94
37 95
37 97
37 98
38 43
38 44
38 45
38 46
38 48
38 49
38 50
38 54
38 55
38 57
38 60
38 61
38 62
38 63
38 66
38 67
38 70
38 71
38 75
38 76
38 79
38 81
38 83
38 84
38 86
38 90
38 92
38 97
39 43
39 45
39 46
39 47
39 48
39 49
39 50
39 54
39 56
39 58
39 60
39 61
39 62
39 63
39 64
39 65
39 68
39 71
39 72
39 73
39 74
39 75
39 76
39 77
39 80
39 81
39 82
39 88
39 92
39 94
39 97
40 41
40 43
40 45
40 46
40 47
40 48
40 49
40 50
40 51
40 52
40 53
40 56
40 57
40 58
40 62
40 63
40 64
40 65
40 67
40 74
40 75
40 76
40 77
40 81
40 83
40 89
40 90
40 91
40 92
40 93
40 94
40 95
40 96
40 98
40 99
41 42
41 43
41 44
41 47
41 49
41 51
41 53
41 54
41 55
41 56
41 58
41 60
41 61
41 63
41 64
41 65
41 66
41 67
41 68
41 69
41 70
41 71
41 74
41 76
41 77
41 79
41 80
41 84
41 85
41 88
41 89
41 91
41 92
41 93
41 94
41 98
42 45
42 46
42 47
42 49
42 51
42 52
42 55
42 56
42 57
42 58
42 60
42 64
42 66
42 67
42 69
42 71
42 73
42 74
42 76
42 77
42 78
42 80
42 81
42 85
42 86
42 87
42 93
42 95
42 96
42 97
42 99
43 47
43 49
43 50
43 55
43 57
43 58
43 60
43 61
43 63
43 66
43 71
43 74
43 76
43 78
43 79
43 80
43 82
43 84
43 85
43 88
43 90
43 96
43 97
44 45
44 46
44 47
44 49
44 51
44 52
44 54
44 55
44 56
44 58
44 60
44 66
44 68
44 69
44 75
44 77
44 81
44 83
44 84
44 87
44 92
44 93
44 94
44 96
44 97
44 98
44 99
45 47
45 49
45 51
45 52
45 54
45 55
45 58
45 59
45 61
45 62
45 64
45 65
45 66
45 68
45 70
45 73
45 77
45 78
45 79
45 81
45 82
45 88
45 92
45 94
45 95
46 48
46 49
46 50
46 51
46 52
46 55
46 56
46 60
46 61
46 63
46 69
46 70
46 74
46 76
46 78
46 81
46 82
46 84
46 85
46 87
46 88
46 92
46 93
46 95
46 97
47 48
47 51
47 52
47 55
47 59
47 64
47 66
47 67
47 72
47 74
47 75
47 76
47 78
47 80
47 81
47 84
47 87
47 89
47 91
47 92
47 95
47 96
48 50
48 51
48 55
48 60
48 61
48 62
48 63
48 65
48 66
48 68
48 69
48 71
48 73
48 74
48 75
48 77
48 79
48 80
48 84
48 85
48 86
48 89
48 91
48 93
48 94
48 96
48 98
49 50
49 54
49 56
49 57
49 58
49 59
49 61
49 64
49 65
49 67
49 69
49 70
49 71
49 73
49 74
49 75
49 76
49 77
49 79
49 81
49 82
49 83
49 84
49 86
49 87
49 88
49 90
49 92
49 93
49 94
49 95
49 97
49 98
49 99
50 51
50 53
50 54
50 55
50 56
50 60
50 65
50 72
50 73
50 77
50 78
50 79
50 81
50 82
50 83
50 84
50 85
50 88
50 89
50 91
50 92
50 96
50 99
51 52
51 53
51 55
51 57
51 58
51 59
51 60
51 61
51 62
51 64
51 66
51 68
51 70
51 72
51 75
51 76
51 79
51 82
51 83
51 84
51 86
51 87
51 89
51 91
51 92
51 93
51 94
51 96
51 98
52 54
52 55
52 58
52 61
52 63
52 64
52 66
52 68
52 70
52 73
52 75
52 79
52 80
52 85
52 88
52 90
52 91
52 93
52 95
52 98
52 99
53 54
53 57
53 58
53 61
53 66
53 69
53 72
53 76
53 77
53 79
53 80
53 82
53 83
53 85
53 86
53 87
53 89
53 92
54 55
54 56
54 57
54 58
54 60
54 63
54 65
54 66
54 71
54 73
54 76
54 77
54 80
54 85
54 87
54 88
54 90
54 92
54 93
54 95
54 97
54 98
54 99
55 59
55 61
55 65
55 67
55 68
55 69
55 71
55 72
55 73
55 80
55 83
55 85
55 86
55 87
55 88
55 89
55 92
55 94
55 97
55 98
55 99
56 61
56 63
56 66
56 68
56 71
56 72
56 76
56 77
56 79
56 80
56 83
56 84
56 86
56 89
56 90
56 91
56 93
56 95
56 96
56 98
56 99
57 59
57 60
57 62
57 68
57 69
57 72
57 74
57 75
57 80
57 81
57 82
57 86
57 87
57 89
57 91
57 92
57 94
57 96
57 98
57 99
58 61
58 62
58 64
58 71
58 72
58 73
58 74
58 75
58 83
58 84
58 85
58 86
58 88
58 91
58 93
58 95
58 98
58 99
59 60
59 63
59 65
59 66
59 69
59 70
59 71
59 73
59 74
59 75
59 76
59 77
59 80
59 82
59 83
59 84
59 85
59 86
59 91
59 93
59 94
59 95
59 96
59 99
60 61
60 62
60 65
60 66
60 69
60 70
60 77
60 83
60 87
60 88
60 89
60 92
60 93
60 94
60 95
60 97
60 99
61 62
61 65
61 66
61 67
61 68
61 69
61 70
61 71
61 72
61 73
61 74
61 76
61 78
61 79
61 80
61 82
61 83
61 84
61 86
61 88
61 89
61 90
61 91
61 93
61 96
61 97
62 65
62 66
62 68
62 70
62 73
62 76
62 77
62 78
62 84
62 85
62 87
62 88
62 89
62 90
62 93
62 96
62 98
62 99
63 66
63 69
63 71
63 73
63 74
63 75
63 76
63 79
63 80
63 82
63 84
63 85
63 86
63 87
63 89
63 91
63 93
63 95
63 96
64 65
64 67
64 68
64 69
64 70
64 72
64 75
64 76
64 77
64 78
64 79
64 80
64 81
64 85
64 87
64 88
64 89
64 93
64 95
64 96
64 97
64 98
65 69
65 70
65 77
65 78
65 80
65 83
65 86
65 87
65 91
65 94
65 98
66 68
66 69
66 70
66 74
66 75
66 76
66 79
66 80
66 82
66 83
66 84
66 85
66 86
66 87
66 88
66 89
66 92
66 93
66 95
66 96
66 97
66 99
67 68
67 69
67 70
67 73
67 74
67 75
67 76
67 78
67 79
67 84
67 87
67 88
67 92
67 94
67 98
68 69
68 70
68 71
68 73
68 74
68 78
68 80
68 82
68 84
68 85
68 88
68 89
68 90
68 92
68 93
68 94
68 95
68 96
68 97
69 70
69 73
69 74
69 75
69 78
69 81
69 83
69 84
69 90
69 94
69 96
69 97
69 98
70 71
70 72
70 73
70 78
70 82
70 83
70 85
70 86
70 89
70 90
70 92
70 95
70 96
70 97
70 98
70 99
71 74
71 77
71 81
71 84
71 86
71 87
71 91
71 93
71 95
71 99
72 73
72 75
72 77
72 79
72 80
72 81
72 82
72 85
72 87
72 88
72 90
72 92
72 93
72 95
72 97
72 98
73 78
73 79
73 80
73 83
73 84
73 86
73 87
73 88
73 89
73 91
73 92
73 98
73 99
74 75
74 76
74 77
74 82
74 84
74 85
74 87
74 92
74 93
74 94
74 95
74 97
74 98
75 77
75 78
75 79
75 82
75 83
75 85
75 87
75 89
75 90
75 91
75 92
75 93
75 95
75 96
75 97
76 77
76 79
76 81
76 83
76 84
76 85
76 93
76 94
76 96
76 97
77 79
77 81
77 82
77 84
77 89
77 91
77 92
77 93
77 94
77 98
77 99
78 79
78 82
78 83
78 84
78 88
78 90
78 92
78 95
78 97
78 98
78 99
79 80
79 82
79 83
79 87
79 88
79 89
79 90
79 91
79 92
79 93
79 97
80 83
80 86
80 87
80 88
80 90
80 93
80 98
80 99
81 84
81 85
81 86
81 87
81 90
81 92
81 93
81 94
82 84
82 86
82 88
82 89
82 93
82 94
82 95
82 98
82 99
83 86
83 87
83 89
83 90
83 91
83 92
83 93
83 94
83 96
83 98
84 85
84 86
84 87
84 88
84 90
84 95
84 96
84 98
85 86
85 87
85 96
85 98
86 88
86 90
86 91
86 93
86 94
86 95
86 96
86 98
87 88
87 89
87 90
87 91
87 92
87 93
87 94
87 95
88 89
88 90
88 91
88 93
88 94
88 95
89 90
89 92
89 94
89 95
89 96
90 91
90 92
90 94
90 96
90 98
91 93
91 94
91 97
92 95
92 96
92 99
93 94
93 96
93 98
93 99
94 98
95 98
95 99
96 97
96 98
96 99
97 98
98 99
